kD: -92
kI: 51.92583504407787
kP: 49.67166466141501
manual_value: -86
setpoint: -40.00632835063547
